18.67675781	55.16499199	-30.36426586
19.04296875	54.22211782	-43.2509
19.40917969	53.43936512	-46.98689234
19.77539063	51.69509916	-53.48521847
20.14160156	49.05013344	-53.40989702
20.5078125	46.85736395	-41.84198052
20.87402344	45.84181651	-25.93954693
21.24023438	45.89783291	-8.977194052
21.60644531	47.10152432	6.882693834
21.97265625	49.5670602	16.19254422
22.33886719	51.81541228	13.66457208
22.70507813	53.10824604	7.181135186
23.07128906	53.68548547	0.20997079
23.4375	53.7209454	-5.7848713
23.80371094	53.37000999	-9.695543087
24.16992188	52.84798202	-10.72247923
24.53613281	52.42019739	-8.916915167
24.90234375	52.29118711	-5.293878603
25.26855469	52.54430283	-1.304662695
25.63476563	53.14317698	1.545655404
26.00097656	53.92316639	2.063357896
26.3671875	54.63663205	-0.016353632
26.73339844	55.08246745	-3.952193659
27.09960938	55.16381651	-8.604316463
27.46582031	54.86209269	-12.77718438
27.83203125	54.23182185	-15.22270874
28.19824219	53.44021495	-14.8375173
28.56445313	52.75623317	-11.38700112
28.93066406	52.4088723	-5.820800694
29.296875	52.49665677	0.361095087
29.66308594	52.99476364	5.574600038
30.02929688	53.74158236	8.468556077
30.39550781	54.46549722	8.665895431
30.76171875	54.94138906	7.043959386
31.12792969	55.08577325	4.987951514
31.49414063	54.7445989	4.987521857
31.86035156	54.53433002	6.795610827
32.2265625	54.58888677	9.204661058
32.59277344	54.65064507	12.41475951
32.95898438	54.87911643	16.00497126
33.32519531	55.28316488	19.45892695
33.69140625	55.83673791	22.25119501
34.05761719	56.46697887	23.98085199
34.42382813	57.07086946	24.65434034
34.79003906	57.57885183	24.74906569
35.15625	57.9953031	24.84592275
35.52246094	58.37493612	25.26914262
35.88867188	58.77952419	26.01677474
36.25488281	59.25221934	26.8651237
36.62109375	59.80988037	27.48119139
36.98730469	60.44073691	27.50117591
37.35351563	61.10234892	26.61564153
37.71972656	61.726268	24.68833299
38.0859375	62.23699275	21.85120887
38.45214844	62.57736489	18.48795022
38.81835938	62.72479282	15.12587501
39.18457031	62.69657123	12.31281477
39.55078125	62.54854818	10.48857164
39.91699219	62.36236248	9.852955348
40.28320313	62.21977055	10.31396218
40.64941406	62.1804191	11.56500828
41.015625	62.27516831	13.20149993
41.38183594	62.50744447	14.79571048
41.74804688	62.85305771	15.95029807
42.11425781	63.26042317	16.38589188
42.48046875	63.66271622	16.05476443
42.84667969	64.0046929	15.16841369
43.21289063	64.26457846	14.07371095
43.57910156	64.45464612	13.07964772
43.9453125	64.69424362	12.31970985
44.31152344	64.8635378	11.81503908
44.67773438	65.04156581	11.37195368
45.04394531	65.15141305	10.98245048
45.41015625	65.31907944	10.34575393
45.77636719	65.47184248	9.642401342
46.14257813	65.5970649	8.889594791
46.50878906	65.68362052	8.172256327
46.875	65.7297681	7.628282278
47.24121094	65.74748251	7.392761589
47.60742188	65.75872697	7.537871398
47.97363281	65.7870051	8.054216489
48.33984375	65.85121239	8.872350888
48.70605469	65.96395811	9.89138942
49.07226563	66.13198384	10.99555548
49.43847656	66.35623765	12.06136713
49.8046875	66.63095302	12.96712818
50.17089844	66.943075	13.6144643
50.53710938	67.27465901	13.95692995
50.90332031	67.60883358	14.01054748
51.26953125	67.93518524	13.82922301
51.63574219	68.25028803	13.46503067
52.00195313	68.55425173	12.94380753
52.36816406	68.84662029	12.26344856
52.734375	69.1234334	11.40685214
53.10058594	69.37581794	10.36294689
53.46679688	69.59051684	9.152956666
53.83300781	69.75328055	7.855677838
54.19921875	69.85544836	6.615753218
54.56542969	69.90130267	5.615032394
54.93164063	69.9106991	5.007598004
55.29785156	69.91326697	4.857974796
55.6640625	69.9381359	5.127913705
56.03027344	70.0068343	5.708113898
56.39648438	70.29420114	6.68473441
56.76269531	70.4858554	7.18170623
57.12890625	70.71462285	7.564970239
57.49511719	70.97120475	7.746508056
57.86132813	71.23992791	7.667571118
58.22753906	71.32066296	7.282818057
58.59375	71.56560314	7.047887722
58.95996094	71.79987083	6.657494653
59.32617188	72.01672648	6.172508321
59.69238281	72.21555963	5.657588558
60.05859375	72.40002506	5.160367358
60.42480469	72.57556836	4.705836849
60.79101563	72.74773072	4.298863423
61.15722656	72.92117213	3.928239968
61.5234375	73.09894934	3.570481524
61.88964844	73.28179483	3.194780648
62.25585938	73.46759106	2.771336304
62.62207031	73.65166409	2.282810648
62.98828125	73.82835995	1.733488403
63.35449219	73.99331141	1.148927923
63.72070313	74.14499253	0.565733056
64.08691406	74.28482818	0.018934363
64.453125	74.41633049	-0.46637823
64.81933594	74.54404017	-0.878285843
65.18554688	74.67263036	-1.218292199
65.55175781	74.80614647	-1.500223607
65.91796875	74.94727928	-1.747773264
66.28417969	75.09673384	-1.989735799
66.65039063	75.25299379	-2.252675987
67.01660156	75.41281361	-2.553092315
67.3828125	75.57239806	-2.892947979
67.74902344	75.72872209	-3.261035017
68.11523438	75.88036659	-3.638886449
68.48144531	76.02765136	-4.00777132
68.84765625	76.24954733	-4.520775003
69.21386719	76.39249933	-4.846695139
69.58007813	76.53733807	-5.141029506
69.94628906	76.68640086	-5.416114374
70.3125	76.84057093	-5.690249002
70.67871094	76.99904886	-5.981190804
71.04492188	77.07509582	-6.135130098
71.41113281	77.23678856	-6.459631765
71.77734375	77.39755288	-6.815470469
72.14355469	77.55527289	-7.191325041
72.50976563	77.70926589	-7.570682622
72.87597656	77.86039583	-7.938021058
73.2421875	78.01067785	-8.28406241
73.60839844	78.16254446	-8.608638392
73.97460938	78.31801592	-8.920430554
74.34082031	78.47804908	-9.233748839
74.70703125	78.64229059	-9.563553689
75.07324219	78.80930705	-9.9206456
75.43945313	78.97716657	-10.3088137
75.80566406	79.14411479	-10.7247602
76.171875	79.30909218	-11.16041823
76.53808594	79.47194331	-11.60650888
76.90429688	79.63329461	-12.05601315
77.27050781	79.79417605	-12.50645735
77.63671875	79.95552996	-12.96033119
78.00292969	80.11778692	-13.42355315
78.36914063	80.28067099	-13.90261537
78.73535156	80.44330731	-14.4016014
79.1015625	80.60457353	-14.92031126
79.46777344	80.76353621	-15.45417004
79.83398438	80.91979718	-15.99579127
80.20019531	81.07363534	-16.53747057
80.56640625	81.22591552	-17.07369372
80.93261719	81.3778092	-17.60286171
81.29882813	81.60525852	-18.40232825
81.66503906	81.75940657	-18.93055396
82.03125	81.91518383	-19.46944995
82.39746094	82.0719447	-20.02516469
82.76367188	82.22872715	-20.60025498
83.12988281	82.38462586	-21.1933987
83.49609375	82.53910468	-21.80055419
83.86230469	82.61420145	-22.10839146
84.22851563	82.76708745	-22.73085519
84.59472656	82.91903705	-23.36015038
84.9609375	83.07061269	-23.99662124
85.32714844	83.22221789	-24.64330924
85.69335938	83.37388455	-25.30478932
86.05957031	83.52520365	-25.98544648
86.42578125	83.67541829	-26.68783497
86.79199219	83.82363944	-27.41170843
87.15820313	83.96910216	-28.15404827
87.52441406	84.11136736	-28.91004062
87.890625	84.25039769	-29.67460046
88.25683594	84.3864863	-30.44385097
88.62304688	84.52007322	-31.21600705
88.98925781	84.65152563	-31.9913605
89.35546875	84.78096873	-32.77141804
89.72167969	84.90823154	-33.55756441
90.08789063	85.03292593	-34.34979028
90.45410156	85.15462663	-35.14598346
90.8203125	85.27308341	-35.94206176
91.18652344	85.38838601	-36.73291585
91.55273438	85.50101972	-37.51384353
91.91894531	85.6117872	-38.28198244
92.28515625	85.72161799	-39.03723844
92.65136719	85.83132736	-39.78236757
93.01757813	85.94140562	-40.52215754
93.38378906	86.05191086	-41.26197437
93.75	86.21616741	-42.37047692
94.11621094	86.32593371	-43.12602671
94.48242188	86.43432244	-43.88691828
94.84863281	86.54106498	-44.64995639
95.21484375	86.64624498	-45.41162552
95.58105469	86.75025413	-46.16945195
95.94726563	86.8536431	-46.92294401
96.31347656	86.95692245	-47.6738114
96.6796875	87.00649649	-48.05012789
97.04589844	87.10969717	-48.80371678
97.41210938	87.21293588	-49.5625864
97.77832031	87.31585133	-50.32935042
98.14453125	87.41795297	-51.10500102
98.51074219	87.51877674	-51.88879876
98.87695313	87.61801683	-52.67875404
99.24316406	87.7155873	-53.47248392
99.609375	87.8115966	-54.26809777
99.97558594	87.90625206	-55.06477787
100.3417969	87.99973631	-55.86285993
100.7080078	88.09210492	-56.66341665
101.0742188	88.18324423	-57.46752757
101.4404297	88.27290513	-58.27552609
101.8066406	88.3608013	-59.08652362
102.1728516	88.44673532	-59.89841707
102.5390625	88.53070396	-60.70841056
102.9052734	88.61293831	-61.51388088
103.2714844	88.6938585	-62.31326765
103.6376953	88.77395553	-63.10664467
104.0039063	88.85364173	-63.89574452
104.3701172	88.93312387	-64.68341426
104.7363281	89.01234397	-65.47268787
105.1025391	89.09100911	-66.26579456
105.46875	89.16870063	-67.06344259
105.8349609	89.24502644	-67.8646278
106.2011719	89.31976484	-68.66704382
106.5673828	89.42789439	-69.86533448
106.9335938	89.49911953	-70.66275147
107.2998047	89.56961986	-71.45641139
107.6660156	89.63972989	-72.24821773
108.0322266	89.70957159	-73.04121593
108.3984375	89.77898111	-73.83868002
108.7646484	89.84752019	-74.64305309
109.1308594	89.91457264	-75.45506215
109.4970703	89.94245231	-75.85866013
109.8632813	90.00592226	-76.67299471
110.2294922	90.06696003	-77.48778807
110.5957031	90.12548695	-78.29910812
110.9619141	90.18168585	-79.10316476
111.328125	90.23595122	-79.89708213
111.6943359	90.28879183	-80.67936979
112.0605469	90.3407184	-81.44999842
112.4267578	90.39214857	-82.2101154
112.7929688	90.4433517	-82.96153052
113.1591797	90.49444172	-83.70614488
113.5253906	90.54541215	-84.44548801
113.8916016	90.59619611	-85.18047622
114.2578125	90.64672886	-85.91142451
114.6240234	90.69699275	-86.63825895
114.9902344	90.74703367	-87.36081854
115.3564453	90.79694999	-88.07912619
115.7226563	90.84686436	-88.7935465
116.0888672	90.89689239	-89.50480955
116.4550781	90.94711925	-90.21393568
116.8212891	90.99758878	-90.92212558
117.1875	91.04830222	-91.63067603
117.5537109	91.09921864	-92.34094758
117.9199219	91.1502486	-93.05436272
118.2861328	91.20123761	-93.77237351
118.6523438	91.25194409	-94.49633018
119.0185547	91.324674	-95.59337014
119.3847656	91.37262588	-96.33524444
119.7509766	91.41861873	-97.08120784
120.1171875	91.46234637	-97.82745739
120.4833984	91.50374948	-98.56935094
120.8496094	91.54307367	-99.30215968
121.2158203	91.58086953	-100.0220136
121.5820313	91.6179191	-100.7268213
121.9482422	91.65509477	-101.4168903
122.3144531	91.6729882	-101.7249738
122.6806641	91.71292872	-102.4009245
123.046875	91.75420481	-103.0754242
123.4130859	91.79661911	-103.7534002
123.7792969	91.83967713	-104.4387088
124.1455078	91.88268319	-105.1333974
124.5117188	91.92487591	-105.8372834
124.8779297	91.96558256	-106.5479443
125.2441406	92.00436452	-107.2611642
125.6103516	92.04112153	-107.9717921
125.9765625	92.07612627	-108.6748549
126.3427734	92.10997623	-109.3666717
126.7089844	92.14347192	-110.0457038
127.0751953	92.17744995	-110.7129444
127.4414063	92.21260803	-111.3717748
127.8076172	92.24935761	-112.0273294
128.1738281	92.28773239	-112.6854942
128.5400391	92.32737235	-113.351723
128.90625	92.36759103	-114.0299051
129.2724609	92.40751727	-114.7215451
129.6386719	92.44628141	-115.4254753
130.0048828	92.48319973	-116.1381907
130.3710938	92.51790947	-116.8547125
130.7373047	92.55042355	-117.5697349
131.1035156	92.58109911	-118.2787564
131.4697266	92.62639317	-119.317409
131.8359375	92.65514999	-120.0104093
132.2021484	92.68391006	-120.6957722
132.5683594	92.71310907	-121.3764658
132.9345703	92.74290882	-122.056366
133.3007813	92.7731695	-122.7392867
133.6669922	92.80349671	-123.4280407
134.3994141	92.86220023	-124.8257911
134.765625	92.88964261	-125.5318154
135.1318359	92.89913622	-125.8787499
135.4980469	92.92437599	-126.5807701
135.8642578	92.94843098	-127.2801861
136.2304688	92.97160626	-127.9758581
136.5966797	92.99422467	-128.6680759
136.9628906	93.01650086	-129.3583569
137.3291016	93.0384532	-130.0488269
137.6953125	93.05988046	-130.7413845
138.0615234	93.08040972	-131.4369064
138.4277344	93.09960162	-132.1347278
138.7939453	93.11708375	-132.8325477
139.1601563	93.13267657	-133.5267996
139.5263672	93.14647753	-134.2134091
140.2587891	93.17050397	-135.5506027
140.625	93.18209368	-136.1986916
140.9912109	93.19434421	-136.8349014
141.3574219	93.20777039	-137.462867
141.7236328	93.22261163	-138.0872393
142.0898438	93.23880357	-138.7127958
142.4560547	93.25601037	-139.3436233
142.8222656	93.27369974	-139.9825189
143.1884766	93.2912399	-140.6306637
143.5546875	93.30800053	-141.2875653
144.2871094	93.34121169	-142.9518105
144.6533203	93.35212693	-143.6131259
145.0195313	93.36172308	-144.26975
145.3857422	93.37025321	-144.9198502
145.7519531	93.3780497	-145.5622409
146.1181641	93.38549717	-146.1965326
146.484375	93.39299634	-146.8232717
146.8505859	93.40091376	-147.4440294
147.5830078	93.41890882	-148.6785825
147.9492188	93.42186223	-148.9854015
148.3154297	93.43161517	-149.6064031
148.6816406	93.44163292	-150.2335443
149.0478516	93.4513768	-150.8688033
149.4140625	93.46018912	-151.5123927
150.1464844	93.4726558	-152.815507
150.5126953	93.47567137	-153.4667938
150.8789063	93.47663121	-154.1116571
151.2451172	93.47597433	-154.7463419
151.6113281	93.4743288	-155.3687835
151.9775391	93.4723714	-155.9789446
152.7099609	93.46963051	-157.1711645
153.0761719	93.46931386	-157.7600594
153.4423828	93.46957335	-158.3485991
153.8085938	93.47006946	-158.9388864
154.1748047	93.47039867	-159.5315615
154.9072266	93.46929815	-160.7203911
155.2734375	93.46761407	-161.313197
155.6396484	93.46525473	-161.902937
156.0058594	93.46238712	-162.4889421
156.3720703	93.45712001	-163.3454071
157.1044922	93.44990843	-164.5020881
157.4707031	93.44569582	-165.0774052
157.8369141	93.44099135	-165.6502943
158.203125	93.43578251	-166.220005
158.5693359	93.43013418	-166.7857314
159.3017578	93.41810859	-167.9036334
159.6679688	93.41207227	-168.4564115
160.0341797	93.40617804	-169.0063622
160.4003906	93.40043761	-169.5547623
161.1328125	93.39190426	-170.3702555
161.4990234	93.38595887	-170.9196222
161.8652344	93.37968537	-171.4689722
162.2314453	93.37300252	-172.0177158
162.9638672	93.35842849	-173.1109168
163.3300781	93.35066691	-173.654848
163.6962891	93.34267926	-174.1973388
164.0625	93.3344773	-174.7390302
164.7949219	93.31713838	-175.8223901
165.1611328	93.30773623	-176.3643904
165.5273438	93.29766588	-176.9060185
166.2597656	93.27529642	-177.9843376
166.6259766	93.26307214	-178.5191499
166.9921875	93.25029524	-179.0503473
167.3583984	93.2370816	-179.5779787
168.0908203	93.20957467	179.3755795
168.4570313	93.19522922	178.8557559
168.8232422	93.17122382	178.0944369
169.5556641	93.1392457	177.0741388
169.921875	93.12242052	176.5702452
170.2880859	93.10514676	176.0714293
171.0205078	93.0698043	175.0897631
171.3867188	93.05199064	174.6062303
171.7529297	93.03417824	174.1266149
172.4853516	92.99848806	173.1761832
172.8515625	92.98046857	172.7044997
173.2177734	92.96222101	172.2351576
173.9501953	92.9344028	171.5488588
174.3164063	92.91546976	171.0868608
174.6826172	92.89628299	170.6284238
175.4150391	92.85730603	169.7229366
175.78125	92.83760082	169.2759546
176.1474609	92.81779794	168.8327401
176.8798828	92.77800649	167.9573196
177.2460938	92.75807494	167.5249769
177.6123047	92.73816716	167.0960677
178.3447266	92.69857712	166.2475406
178.7109375	92.67894443	165.8271116
179.4433594	92.6399385	164.9914258
179.8095703	92.62044843	164.5753536
180.1757813	92.6008544	164.1602364
180.9082031	92.56102517	163.3336481
181.2744141	92.5302587	162.7311506
182.0068359	92.48875175	161.9202357
182.3730469	92.46764176	161.5190765
182.7392578	92.4463487	161.1210531
183.4716797	92.4033907	160.3344552
183.8378906	92.3817939	159.9456532
184.5703125	92.33844083	159.1761531
184.9365234	92.31668124	158.7951234
185.6689453	92.27294191	158.0399422
186.0351563	92.25093385	157.6656635
186.4013672	92.22881317	157.2935421
187.1337891	92.19512319	156.7480454
187.5	92.17257687	156.3816026
188.2324219	92.12697826	155.6557438
188.5986328	92.10388547	155.2964083
189.3310547	92.05699439	154.5856232
189.6972656	92.03316682	154.2346817
190.4296875	91.98478086	153.5432011
190.7958984	91.96027908	153.2031519
191.5283203	91.91084306	152.534987
191.8945313	91.88596913	152.2068432
192.2607422	91.86101303	151.8825896
192.9931641	91.8108668	151.2457467
193.359375	91.78568181	150.9333118
194.0917969	91.72280621	150.1861431
194.4580078	91.69759447	149.8885721
195.1904297	91.64730906	149.3062839
195.5566406	91.62226012	149.0212889
196.2890625	91.57227769	148.4633756
196.6552734	91.54730236	148.1908365
197.3876953	91.49742794	147.660599
198.1201172	91.44810075	147.1526969
198.4863281	91.42390039	146.9073752
199.21875	91.3769131	146.4322977
199.5849609	91.36692382	146.3315539
200.3173828	91.32291972	145.8751871
200.6835938	91.3016488	145.6515422
201.4160156	91.26043185	145.212997
201.7822266	91.24049408	144.9981581
202.5146484	91.20209412	144.5767683
202.8808594	91.18366836	144.36954
203.6132813	91.14825738	143.9599219
204.3457031	91.11432762	143.5553006
204.7119141	91.09773359	143.3551218
205.4443359	91.06506633	142.9610371
205.8105469	91.04898021	142.7680926
206.5429688	91.01048176	142.3080838
207.2753906	90.98023083	141.956347
207.6416016	90.96580953	141.7885932
208.3740234	90.93916135	141.4707839
208.7402344	90.92735359	141.3202991
209.4726563	90.90776997	141.0312151
210.2050781	90.89416569	140.7465703
210.5712891	90.88947961	140.601451
211.3037109	90.88345049	140.2998375
211.6699219	90.88170611	140.1426653
212.4023438	90.88416246	139.8990224
213.1347656	90.88388698	139.5572953
213.5009766	90.88438296	139.3817961
214.2333984	90.88643681	139.0210868
214.9658203	90.88930438	138.6480426
215.3320313	90.8908268	138.4583384
216.0644531	90.89408961	138.0775438
216.796875	90.89858677	137.6993623
217.1630859	90.90178971	137.5107981
217.8955078	90.91075702	137.1285723
218.6279297	90.92291378	136.7290139
218.9941406	90.93227485	136.393167
219.7265625	90.94545719	135.9504356
220.4589844	90.95811626	135.4861846
220.8251953	90.9640193	135.246545
221.5576172	90.97430409	134.7533268
222.2900391	90.9813788	134.2470053
223.0224609	90.98436518	133.7416308
223.3886719	90.98451046	133.4949139
224.1210938	90.98352164	133.0215285
224.8535156	90.98322935	132.5758861
225.2197266	90.98474809	132.4903171
225.9521484	90.98907827	132.0621866
226.6845703	90.99629253	131.6381507
227.4169922	91.00624121	131.2148348
227.7832031	91.01236077	131.0027964
228.515625	91.02729578	130.5738217
229.2480469	91.04573865	130.1286611
229.9804688	91.06626922	129.6574446
230.3466797	91.07662332	129.4116714
231.0791016	91.09647624	128.905432
231.8115234	91.12174873	128.2403249
232.5439453	91.13986308	127.7172913
233.2763672	91.15910845	127.188303
233.6425781	91.16920931	126.9193905
234.375	91.19006227	126.3701276
235.1074219	91.21149274	125.805066
235.8398438	91.23359943	125.2226286
236.5722656	91.25633668	124.6164324
236.9384766	91.26763581	124.3017925
237.6708984	91.2888381	123.6471267
238.4033203	91.29843328	123.1352851
239.1357422	91.31287402	122.4426191
239.8681641	91.32274563	121.7390585
240.6005859	91.32849808	121.031612
240.9667969	91.32993823	120.6773236
241.6992188	91.32987714	119.969315
242.4316406	91.32576015	119.2671184
243.1640625	91.31803249	118.578965
243.8964844	91.30449529	117.7611062
244.6289063	91.29379207	117.1127173
245.3613281	91.28282666	116.4761543
246.09375	91.27165282	115.8478845
246.4599609	91.26596697	115.5364338
247.1923828	91.25446182	114.9186043
247.9248047	91.24294408	114.3062741
248.6572266	91.23141773	113.6968232
249.3896484	91.21953789	113.0885457
250.1220703	91.20691266	112.4826405
250.8544922	91.19721462	112.0383942
251.5869141	91.18365959	111.4414417
252.3193359	91.16986975	110.8499143
253.0517578	91.15592095	110.2625948
253.7841797	91.14167606	109.6792944
254.5166016	91.1271139	109.1017952
255.2490234	91.11262524	108.5319486
255.9814453	91.09886189	107.9687171
256.7138672	91.08294162	107.2691513
257.4462891	91.07122557	106.7047984
257.8125	91.06550343	106.420595
258.5449219	91.05394197	105.8482927
259.2773438	91.04194202	105.2725187
260.0097656	91.02946138	104.6950097
260.7421875	91.01652899	104.1160662
261.4746094	91.00301153	103.5356706
262.2070313	90.98872291	102.9551398
262.9394531	90.9737145	102.3768021
264.0380859	90.95450709	101.6602725
264.7705078	90.93896732	101.0871314
265.5029297	90.92332791	100.5138519
266.2353516	90.90730919	99.9398463
266.9677734	90.89073901	99.36668604
267.7001953	90.87380185	98.79615962
268.4326172	90.85687714	98.22790724
269.1650391	90.83541987	97.51844475
269.8974609	90.818493	96.94670496
270.6298828	90.8010606	96.37169394
271.3623047	90.78285173	95.79497819
272.0947266	90.7638551	95.21829652
272.8271484	90.74417198	94.64233965
273.5595703	90.72382836	94.06703794
274.2919922	90.70274802	93.49259353
275.390625	90.66964078	92.63471554
276.1230469	90.64669954	92.06701901
276.8554688	90.62888609	91.64866325
277.5878906	90.60519047	91.088049
278.3203125	90.58128264	90.53098869
279.0527344	90.5572168	89.97681179
279.7851563	90.53301187	89.42522376
280.5175781	90.50873905	88.87616974
281.6162109	90.46667502	87.92370656
282.3486328	90.4428253	87.3753898
283.0810547	90.41886479	86.82421156
283.8134766	90.39442969	86.26999473
284.5458984	90.3692576	85.71416378
285.2783203	90.34332945	85.15857277
286.3769531	90.30335509	84.32724338
287.109375	90.2761166	83.77367573
287.8417969	90.24832789	83.2200102
288.5742188	90.21987645	82.66655905
289.6728516	90.1827732	81.97781692
290.4052734	90.15280777	81.42750892
291.1376953	90.1222881	80.87872645
291.8701172	90.09126124	80.3314832
292.6025391	90.05980638	79.78558596
293.7011719	90.00312808	78.83430056
294.4335938	89.97054414	78.28698489
295.1660156	89.93720714	77.73712684
295.8984375	89.90282357	77.18496008
296.9970703	89.8487478	76.35455333
297.7294922	89.81075374	75.80174279
298.4619141	89.7710884	75.2520513
299.5605469	89.70868084	74.43843314
300.2929688	89.66553242	73.90521865
301.0253906	89.62144138	73.37904407
302.1240234	89.55356435	72.60098626
302.8564453	89.51769064	72.22499805
303.5888672	89.47013105	71.72047751
304.3212891	89.42143146	71.22483753
305.4199219	89.34645439	70.50100388
306.1523438	89.29536847	70.03347757
307.2509766	89.20384786	69.2681418
307.9833984	89.15238543	68.84482019
308.7158203	89.10186742	68.43661603
309.8144531	89.02903524	67.84507061
310.546875	88.98269211	67.45712532
311.2792969	88.93776881	67.06885075
312.3779297	88.8717327	66.48163564
313.1103516	88.82788368	66.08813421
314.2089844	88.76200297	65.49921135
314.9414063	88.71810035	65.10829978
315.6738281	88.68677593	64.8126431
316.7724609	88.61994151	64.22684267
317.5048828	88.57486001	63.84014313
318.6035156	88.50667971	63.27012471
319.3359375	88.45000848	62.80169866
320.4345703	88.38217557	62.25692589
321.1669922	88.33771458	61.90078879
321.8994141	88.29420296	61.54866897
322.9980469	88.23111109	61.02194854
323.7304688	88.19044363	60.66684684
324.8291016	88.130821	60.12053918
325.5615234	88.09128643	59.74393871
326.6601563	88.03066767	59.15824517
327.3925781	87.98829286	58.75597493
328.4912109	87.9312829	58.25942448
329.2236328	87.88414328	57.85514551
330.3222656	87.80983638	57.26003155
331.0546875	87.75868472	56.8732294
332.1533203	87.66780991	56.21463901
333.2519531	87.58724509	55.65558038
333.984375	87.53226178	55.28875305
335.0830078	87.44783102	54.7491026
335.8154297	87.39035402	54.3967071
336.9140625	87.30231573	53.87777429
337.6464844	87.24211982	53.53799185
338.7451172	87.14896907	53.04076321
339.84375	87.05218787	52.56611115
340.5761719	86.98595103	52.26657537
341.6748047	86.89994592	51.93601289
342.4072266	86.83285497	51.67210498
343.5058594	86.73169607	51.29653692
344.6044922	86.61181178	50.91124181
345.3369141	86.54260822	50.69590037
346.4355469	86.43809379	50.40230449
347.5341797	86.33380817	50.14327396
348.2666016	86.2647521	49.98704369
349.3652344	86.16163694	49.77310304
350.4638672	86.05827895	49.58364064
351.1962891	85.98897358	49.47392513
352.2949219	85.8847575	49.33964598
353.3935547	85.78107696	49.24441694
354.1259766	85.73175805	49.22184369
355.2246094	85.62992987	49.18508298
356.3232422	85.51607391	49.20360278
357.421875	85.42083804	49.25021091
358.1542969	85.35926658	49.29904257
359.2529297	85.26996039	49.40090419
360.3515625	85.1855414	49.53535415
361.4501953	85.10649594	49.69058545
362.1826172	85.05601921	49.8019447
363.28125	84.98268505	49.98730687
364.3798828	84.91334565	50.20451251
365.4785156	84.85029925	50.44986886
366.2109375	84.81218255	50.62184499
367.3095703	84.77240979	50.853373
368.4082031	84.72515035	51.11495536
369.5068359	84.68014758	51.43058822
370.6054688	84.64240195	51.69867191
371.7041016	84.60916885	51.97537851
372.4365234	84.58985216	52.16394115
373.5351563	84.56540731	52.44975803
374.6337891	84.54642682	52.73539986
375.7324219	84.53286505	53.01705392
376.8310547	84.52451858	53.29036004
377.9296875	84.52088058	53.55208775
379.0283203	84.52155791	53.80148501
380.1269531	84.52615349	53.98146541
380.859375	84.53090201	54.1314672
381.9580078	84.54288743	54.357483
383.0566406	84.55511111	54.53824361
384.1552734	84.56814224	54.70225647
385.2539063	84.58209934	54.85521696
386.3525391	84.59676198	54.99748839
387.4511719	84.61138514	55.13425959
388.5498047	84.62624027	55.27503268
389.6484375	84.64247449	55.4237154
390.7470703	84.66084485	55.57916621
391.8457031	84.68180046	55.74076537
392.9443359	84.70361834	55.88633269
394.0429688	84.73824016	56.0841623
395.1416016	84.76945289	56.24709437
396.2402344	84.80400509	56.41025345
397.3388672	84.84220568	56.57180025
398.4375	84.88414664	56.73056625
399.5361328	84.93009412	56.88570114
400.6347656	84.9802542	57.03523951
401.7333984	85.03481962	57.17848755
402.8320313	85.0944398	57.31359206
403.9306641	85.1595623	57.43381552
405.3955078	85.24498776	57.53094404
406.4941406	85.33665428	57.58845585
407.5927734	85.41794099	57.6194826
408.6914063	85.50321136	57.61322509
409.7900391	85.59151213	57.56937527
410.8886719	85.68267692	57.48693959
411.9873047	85.77609267	57.36040918
413.0859375	85.87039009	57.18853785
414.5507813	85.99616318	56.89464493
415.6494141	86.0898773	56.62659217
416.7480469	86.18205732	56.32058409
417.8466797	86.27240722	55.98312609
418.9453125	86.35772696	55.57081823
420.4101563	86.47323629	55.042356
421.5087891	86.55822804	54.61196882
422.6074219	86.64150812	54.15037625
423.7060547	86.72228884	53.65678927
424.8046875	86.79981916	53.13483267
426.2695313	86.89793244	52.40157754
427.3681641	86.96741042	51.82518394
428.4667969	87.03294239	51.22864882
429.5654297	87.09443829	50.61560794
431.0302734	87.15872886	49.88046887
432.1289063	87.21754789	49.12417627
433.2275391	87.26450307	48.46289284
434.6923828	87.31837993	47.57322692
435.7910156	87.35244318	46.90866633
436.8896484	87.38155953	46.25251919
438.3544922	87.41376745	45.3965778
439.453125	87.43356695	44.77122979
440.5517578	87.45011879	44.16371741
442.0166016	87.46896082	43.38531612
443.1152344	87.48204978	42.81938992
444.5800781	87.49463374	42.10398365
445.6787109	87.50447662	41.55479703
446.7773438	87.51203722	41.01668516
448.2421875	87.51879448	40.32275181
449.3408203	87.52215615	39.82409958
450.8056641	87.52569821	39.18442567
451.9042969	87.52736691	38.71946076
453.3691406	87.52770291	38.12479371
454.4677734	87.52717006	37.70152125
455.5664063	87.52630482	37.29703758
457.03125	87.52742435	36.82013598
458.1298828	87.52737981	36.46811017
459.5947266	87.53037644	36.03762782
460.6933594	87.53621706	35.73651554
462.1582031	87.54925917	35.34894289
463.2568359	87.56248412	35.06118741
464.7216797	87.58379219	34.6758451
466.1865234	87.60834993	34.28508264
467.2851563	87.62816885	33.98742259
468.75	87.65985202	33.54192666
469.8486328	87.67892027	33.29847815
471.3134766	87.70934074	32.90869091
472.4121094	87.73369261	32.61964436
473.8769531	87.76842192	32.23731363
475.3417969	87.80613659	31.85631017
476.4404297	87.83628559	31.56829125
477.9052734	87.87857401	31.18291736
479.3701172	87.92418896	30.79660441
480.46875	87.96079762	30.5001342
481.9335938	88.0190353	30.03887398
483.3984375	88.06642285	29.66787116
484.4970703	88.1078889	29.34281643
485.9619141	88.16463928	28.89467952
487.4267578	88.22262446	28.43116202
488.5253906	88.26673923	28.07359966
489.9902344	88.32601433	27.58629226
491.4550781	88.38630015	27.091126
492.9199219	88.44840074	26.58499159
494.0185547	88.50453747	26.1201181
495.4833984	88.56104672	25.64090206
496.9482422	88.62621333	25.08369095
498.4130859	88.6911161	24.50307635
499.8779297	88.75481714	23.90866158
500.9765625	88.80248514	23.45781639
502.4414063	88.8664356	22.84529079
503.90625	88.9301662	22.21806151
505.3710938	88.99379186	21.57927672
506.8359375	89.06462961	20.83943745
508.3007813	89.11906223	20.2498567
509.765625	89.18129303	19.56572784
510.8642578	89.22737108	19.04428957
512.3291016	89.2879838	18.33839369
513.7939453	89.34775872	17.6197678
515.2587891	89.40623319	16.88642787
516.7236328	89.4628062	16.14196759
518.1884766	89.51767871	15.38985267
519.6533203	89.57695151	14.53432241
521.1181641	89.62140438	13.86373901
522.5830078	89.67100847	13.09520922
524.0478516	89.7191674	12.32751325
525.5126953	89.76666121	11.55839121
526.9775391	89.81301423	10.78427589
528.4423828	89.85797298	10.01001092
529.9072266	89.90231195	9.23598017
531.3720703	89.95034816	8.361931625
532.8369141	89.99276153	7.58529119
534.3017578	90.02864228	6.908252449
535.7666016	90.07046224	6.129747677
537.2314453	90.11138728	5.347078126
539.0625	90.16128452	4.368826971
540.5273438	90.2007003	3.585943369
541.9921875	90.23955516	2.801426021
543.4570313	90.27771317	2.016751126
544.921875	90.32024628	1.139232299
546.3867188	90.35795415	0.357577709
547.8515625	90.39128515	-0.324535178
549.6826172	90.43879305	-1.303163095
551.1474609	90.47732354	-2.086039673
552.6123047	90.51679329	-2.873010283
554.0771484	90.55682437	-3.668282949
555.5419922	90.59701188	-4.471612316
557.3730469	90.65280624	-5.593696609
558.8378906	90.6932596	-6.419865621
560.3027344	90.72833432	-7.157665019
561.7675781	90.76791632	-8.005295478
563.5986328	90.81666257	-9.078345737
565.0634766	90.85526858	-9.949704412
566.5283203	90.89319525	-10.83572791
568.359375	90.93869193	-11.96464004
569.8242188	90.97606638	-13.00147249
571.2890625	91.00797104	-13.93117305
573.1201172	91.03985675	-14.98940881
574.5849609	91.06686294	-15.93374718
576.0498047	91.09193508	-16.88366197
577.8808594	91.12037893	-18.0805997
579.3457031	91.14048293	-19.04518258
581.1767578	91.16262597	-20.37686626
582.6416016	91.17677329	-21.35193334
584.4726563	91.19003973	-22.5751537
585.9375	91.19496571	-23.42575402
587.4023438	91.19939342	-24.3979856
589.2333984	91.20127037	-25.60725374
590.6982422	91.19940854	-26.56904983
592.5292969	91.19329102	-27.75688954
593.9941406	91.18370437	-28.80636924
595.8251953	91.1713017	-29.96428476
597.65625	91.15587115	-31.10828656
599.1210938	91.14200676	-31.89040618
600.9521484	91.12110342	-33.00236803
602.4169922	91.10243271	-33.87652247
604.2480469	91.07704845	-34.9489471
605.7128906	91.05526406	-35.79089468
607.5439453	91.02300166	-36.91337083
609.375	90.99276071	-37.9184897
610.8398438	90.96778686	-38.70575495
612.6708984	90.93897772	-39.56297459
614.5019531	90.90678043	-40.5062578
615.9667969	90.88070039	-41.24678018
617.7978516	90.84771513	-42.1537687
619.6289063	90.81133098	-43.12317512
621.4599609	90.77691358	-43.99300427
622.9248047	90.74855427	-44.67178598
624.7558594	90.71614887	-45.40609866
626.5869141	90.6800976	-46.20204879
628.4179688	90.6447023	-46.96877583
629.8828125	90.61721359	-47.56176201
631.7138672	90.58125855	-48.33965942
633.5449219	90.55011634	-49.02915775
635.3759766	90.52084861	-49.69317329
637.2070313	90.49699498	-50.25884493
639.0380859	90.47235852	-50.87488441
640.5029297	90.45486752	-51.35069105
642.3339844	90.43598042	-51.92587113
644.1650391	90.42061949	-52.52294491
645.9960938	90.41027792	-53.05456559
647.8271484	90.40478036	-53.57311586
649.6582031	90.4057628	-54.02389515
651.4892578	90.40892021	-54.52646607
653.3203125	90.41678173	-55.02224027
655.1513672	90.42905765	-55.51390235
656.9824219	90.45035888	-56.04851186
658.8134766	90.47313823	-56.53100207
660.6445313	90.5019324	-57.01415207
662.4755859	90.53671959	-57.50550358
664.3066406	90.57482538	-57.96405659
666.1376953	90.62052346	-58.48482302
667.96875	90.6712657	-59.0260639
669.7998047	90.73423412	-59.65720541
671.6308594	90.79510217	-60.2506807
673.4619141	90.86059624	-60.87608137
675.6591797	90.93813186	-61.61833552
677.4902344	91.01094075	-62.3241371
679.3212891	91.086243	-63.07167988
681.1523438	91.17149069	-63.95832806
682.9833984	91.24971359	-64.80190233
684.8144531	91.32743805	-65.69397422
687.0117188	91.41880821	-66.82107573
688.8427734	91.48490321	-67.71823544
690.6738281	91.55670225	-68.7334009
692.5048828	91.62584487	-69.7834633
694.7021484	91.71027301	-71.20890921
696.5332031	91.77282976	-72.33163609
698.3642578	91.83204545	-73.48743317
700.5615234	91.89727989	-74.91836336
702.3925781	91.93846518	-76.02425129
704.2236328	91.98199622	-77.26145288
706.4208984	92.02785739	-78.8988587
708.2519531	92.05888245	-80.17291976
710.0830078	92.08385733	-81.4603328
712.2802734	92.10511612	-83.01442348
714.1113281	92.11229929	-84.17440026
716.3085938	92.1175256	-85.71947469
718.1396484	92.11555536	-86.99640898
720.3369141	92.10286581	-88.62526588
722.1679688	92.08914585	-89.86954383
724.3652344	92.06584411	-91.3381251
726.1962891	92.04146241	-92.53729567
728.3935547	92.00852684	-93.81258819
730.2246094	91.97623872	-94.95325244
732.421875	91.92935414	-96.37671477
734.2529297	91.89148257	-97.44844475
736.4501953	91.84357208	-98.69406239
738.6474609	91.79345799	-99.89211761
740.4785156	91.75541842	-100.7414835
742.6757813	91.70571158	-101.8488304
744.8730469	91.65528852	-102.9889967
746.7041016	91.61795011	-103.8525476
748.9013672	91.57512169	-104.8599682
751.0986328	91.53476292	-105.8410661
752.9296875	91.50718592	-106.5507866
755.1269531	91.47104782	-107.4887464
757.3242188	91.43658185	-108.4684174
759.5214844	91.40736751	-109.3604979
761.3525391	91.38551319	-110.089266
763.5498047	91.36262646	-110.9474689
765.7470703	91.34723536	-111.7125632
767.9443359	91.3346187	-112.5466792
770.1416016	91.32745519	-113.4525843
772.3388672	91.32447582	-114.2906212
774.1699219	91.32560924	-114.9964794
776.3671875	91.3307819	-115.8560719
778.5644531	91.33988217	-116.6644722
780.7617188	91.3513756	-117.5638135
782.9589844	91.36705438	-118.5697261
785.15625	91.38236973	-119.5247982
787.3535156	91.39722315	-120.5059753
789.5507813	91.4108112	-121.506428
791.7480469	91.42228315	-122.4395524
793.9453125	91.43423102	-123.5544501
796.1425781	91.44454771	-124.5833445
798.3398438	91.45500293	-125.6173211
800.5371094	91.46584325	-126.6602453
802.734375	91.47712404	-127.7149642
805.2978516	91.48876801	-128.8747839
807.4951172	91.50120209	-130.0525624
809.6923828	91.51313667	-131.1706608
811.8896484	91.52232118	-132.319859
814.0869141	91.52770476	-133.4877059
816.2841797	91.52981399	-134.6725829
818.8476563	91.52508436	-136.0784212
821.0449219	91.51629824	-137.2902865
823.2421875	91.5023949	-138.5022895
825.4394531	91.48301552	-139.7115745
828.0029297	91.45421902	-141.1057761
830.2001953	91.42564989	-142.1878919
832.3974609	91.38740832	-143.4388413
834.9609375	91.34379407	-144.7607116
837.1582031	91.30334917	-145.8702896
839.3554688	91.26015974	-146.9583171
841.9189453	91.20701904	-148.1996783
844.1162109	91.15534889	-149.215052
846.6796875	91.09560398	-150.3907112
848.8769531	91.04223683	-151.3647634
851.0742188	90.98673971	-152.3093846
853.6376953	90.92013922	-153.3662172
855.8349609	90.86580612	-154.1433255
858.3984375	90.79053865	-155.1389462
860.9619141	90.72085031	-156.0104461
863.1591797	90.66347301	-156.6950801
865.7226563	90.60213054	-157.4223636
867.9199219	90.55612315	-157.9929833
870.4833984	90.51755513	-158.5828025
872.6806641	90.48856041	-159.0850219
875.2441406	90.46562102	-159.6435587
877.8076172	90.45415287	-160.1928381
880.0048828	90.45295089	-160.6637959
882.5683594	90.46665716	-161.2305825
885.1318359	90.48259112	-161.8084058
887.6953125	90.50674815	-162.4040534
889.8925781	90.5332916	-162.9317601
892.4560547	90.57029419	-163.565598
895.0195313	90.61756706	-164.2405186
897.5830078	90.66890129	-164.9207868
900.1464844	90.72692032	-165.6364525
902.34375	90.78132863	-166.2784346
904.9072266	90.84994309	-167.0616508
907.4707031	90.92556548	-167.9084836
910.0341797	91.00580399	-168.7842299
912.5976563	91.09052443	-169.718521
915.1611328	91.17851017	-170.7184077
917.7246094	91.2678726	-171.7891049
920.2880859	91.35569952	-172.9475354
922.8515625	91.44157942	-174.1517929
925.4150391	91.52340233	-175.4150922
927.9785156	91.59968637	-176.7241491
930.5419922	91.67104975	-178.0664631
933.1054688	91.73649873	-179.4565781
935.6689453	91.79930389	179.1455842
938.2324219	91.85854315	177.7206454
941.1621094	91.92136181	176.0538372
943.7255859	91.97280138	174.4528956
946.2890625	92.01276178	173.0446331
948.8525391	92.05307631	171.5077149
951.4160156	92.08724737	169.9463658
954.3457031	92.11813442	168.1361435
956.9091797	92.13614895	166.422662
959.4726563	92.14421579	164.932012
962.0361328	92.14746682	163.322339
964.9658203	92.14103684	161.4932644
967.5292969	92.12702455	159.9085119
970.0927734	92.10154381	158.2501927
973.0224609	92.06913818	156.6343191
975.5859375	92.0353889	155.1558203
978.515625	91.99215423	153.5159267
981.0791016	91.94833335	152.0432265
984.0087891	91.90100242	150.5037295
986.5722656	91.86172587	149.3021313
989.5019531	91.81358898	147.846102
992.0654297	91.77215442	146.6084131
994.9951172	91.72463184	145.1579868
997.5585938	91.69107171	144.0763376
1000.488281	91.65180949	142.7555976
1003.051758	91.62028583	141.615176
1005.981445	91.58730451	140.3274384
1008.911133	91.5578708	138.9755762
1011.474609	91.53898388	137.9431616
1014.404297	91.51734113	136.6672555
1017.333984	91.4991141	135.3833508
1020.263672	91.48399161	133.994756
1022.827148	91.47350269	132.9098465
1025.756836	91.46003172	131.5611985
1028.686523	91.44635088	130.1839064
1031.616211	91.42844158	128.679248
1034.545898	91.40786556	127.2466583
1037.109375	91.38605609	126.0643021
1040.039063	91.35567568	124.6092545
1042.96875	91.31982957	123.1519598
1045.898438	91.27333065	121.6033937
1048.828125	91.22569105	120.2453987
1051.757813	91.17018149	118.8056482
1054.6875	91.10699775	117.3842838
1057.617188	91.0291615	115.9185052
1060.546875	90.94933958	114.5705054
1063.476563	90.86535389	113.3748793
1066.40625	90.77094404	112.1518342
1069.335938	90.66373138	110.9698896
1072.631836	90.54816559	109.8150551
1075.561523	90.45244594	108.9841209
1078.491211	90.35442925	108.168235
1081.420898	90.25890887	107.4402914
1084.350586	90.17752696	106.8209214
1087.646484	90.10660766	106.2717719
1090.576172	90.050256	105.7965767
1093.505859	90.00771411	105.3763862
1096.435547	89.98361141	104.9838168
1099.731445	89.9726148	104.5776658
1102.661133	89.98283045	104.2460032
1105.957031	90.00557455	103.8342724
1108.886719	90.04769587	103.4229879
1111.816406	90.09606961	103.018414
1115.112305	90.16537548	102.5438395
1118.041992	90.23963545	102.0772805
1121.337891	90.34743037	101.4484492
1124.267578	90.4494975	100.8797896
1127.563477	90.57352436	100.1727318
1130.859375	90.71625653	99.34509575
1133.789063	90.86102289	98.41830815
1137.084961	91.02046756	97.33316469
1140.014648	91.15466931	96.2948125
1143.310547	91.31572131	94.9515963
1146.606445	91.47848472	93.37229723
1149.536133	91.61024508	91.96303787
1152.832031	91.73974158	90.37096709
1156.12793	91.87363113	88.51510346
1159.423828	91.9915181	86.70093086
1162.719727	92.0977557	84.83641023
1165.649414	92.17463131	83.25299605
1168.945313	92.26186929	81.23359783
1172.241211	92.33664745	79.31149016
1175.537109	92.40223799	77.3879989
1178.833008	92.45514898	75.57951227
1182.128906	92.50781873	73.56719103
1185.424805	92.55342015	71.66106244
1188.720703	92.59316425	69.76119028
1192.016602	92.62452287	67.98547543
1195.3125	92.65457347	66.01582282
1198.608398	92.67896678	64.16155708
1201.904297	92.69975761	62.33101164
1205.200195	92.71729766	60.63411903
1208.862305	92.73766286	58.56379533
1212.158203	92.75449137	56.80901814
1215.454102	92.77250568	55.07334083
1218.75	92.79336911	53.35386295
1222.412109	92.81707137	51.44145939
1225.708008	92.84024985	49.72314105
1229.003906	92.86447559	48.09545134
1232.666016	92.89615394	46.07358823
1235.961914	92.92488544	44.32796809
1239.257813	92.95468199	42.56379906
1242.919922	92.98651423	40.677251
1246.21582	93.01871911	38.76679444
1249.87793	93.05272006	36.72727342
1253.173828	93.08207475	34.85869262
1256.835938	93.1106413	32.74180663
1260.131836	93.13383409	30.81741963
1263.793945	93.15560216	28.65502342
1267.089844	93.17151164	26.69010243
1270.751953	93.18294571	24.48100218
1274.414063	93.1913449	22.25528911
1277.709961	93.19395334	20.23441024
1281.37207	93.1885337	17.97360311
1285.03418	93.17901549	15.70026687
1288.696289	93.16206611	13.41648532
1291.992188	93.14007036	11.35829281
1295.654297	93.10522166	9.083060821
1299.316406	93.06549741	6.813708613
1302.978516	93.01824494	4.561783572
1306.640625	92.96141441	2.344533791
1310.302734	92.90077887	0.143600226
1313.964844	92.83448233	-2.029048297
1317.626953	92.7623719	-4.172949813
1321.289063	92.68220511	-6.262126247
1324.951172	92.59833332	-8.326269107
1328.613281	92.50982899	-10.3382032
1332.275391	92.41720629	-12.26809876
1335.9375	92.32420727	-14.16354067
1339.599609	92.23063143	-16.00090238
1343.261719	92.13797204	-17.78087547
1347.290039	92.03980206	-19.64961405
1350.952148	91.95307007	-21.31841474
1354.614258	91.87117076	-22.93927671
1358.642578	91.79084006	-24.65472559
1362.304688	91.72250305	-26.20332454
1365.966797	91.66148037	-27.72894135
1369.995117	91.60308147	-29.46782184
1373.657227	91.5625444	-30.91018615
1377.319336	91.52437725	-32.44340998
1381.347656	91.48902083	-34.23403546
1385.009766	91.46435358	-35.74013625
1389.038086	91.43761443	-37.50945607
1393.066406	91.41380401	-39.30937946
1396.728516	91.39530104	-40.99212277
1400.756836	91.3751364	-42.85250781
1404.418945	91.35800592	-44.57622119
1408.447266	91.33758095	-46.60715801
1412.475586	91.31729036	-48.49516637
1416.137695	91.29708622	-50.31432459
1420.166016	91.26950776	-52.44686394
1424.194336	91.23971217	-54.41846011
1428.222656	91.20538464	-56.49918489
1432.250977	91.16269446	-58.68738396
1436.279297	91.1189921	-60.68763897
1440.307617	91.07051371	-62.7909144
1443.969727	91.01930547	-64.78952617
1447.998047	90.96508067	-66.78691777
1452.026367	90.90488237	-68.8861301
1456.054688	90.83765939	-71.06673793
1460.449219	90.76656028	-73.23939741
1464.477539	90.69416755	-75.31283361
1468.505859	90.61499748	-77.45320066
1472.53418	90.53717286	-79.47767529
1476.5625	90.46337738	-81.38934189
1480.59082	90.38623829	-83.38578227
1484.985352	90.29884166	-85.65119049
1489.013672	90.22534197	-87.55433246
1493.041992	90.14776953	-89.55257701
1497.436523	90.0581909	-91.83409894
1501.464844	89.98127633	-93.75912848
1505.493164	89.89963697	-95.78258114
1509.887695	89.8035119	-98.10080312
1513.916016	89.72014895	-100.0647896
1518.310547	89.62143988	-102.3357502
1522.338867	89.51863373	-104.5384581
1526.733398	89.4062304	-106.7559407
1530.761719	89.28998515	-108.8786547
1535.15625	89.14391265	-111.2651482
1539.550781	88.99857432	-113.4171502
1543.579102	88.845709	-115.5139054
1547.973633	88.68197091	-117.6514672
1552.368164	88.52179532	-119.6460524
1556.762695	88.34371285	-121.7879757
1561.157227	88.16740913	-123.8248197
1565.185547	88.0065888	-125.5677995
1569.580078	87.80699672	-127.6048797
1573.974609	87.60672986	-129.5079376
1578.369141	87.40729211	-131.2499463
1582.763672	87.18427724	-133.0558683
1587.158203	86.96584951	-134.7098477
1591.552734	86.75329625	-136.1913986
1595.947266	86.52060447	-137.6970192
1600.708008	86.27920034	-139.1583453
1605.102539	86.06810581	-140.3328845
1609.49707	85.84382387	-141.5057131
1613.891602	85.63399424	-142.5520596
1618.286133	85.44068603	-143.455525
1623.046875	85.22368968	-144.4279553
1627.441406	85.04788043	-145.1850739
1631.835938	84.86622666	-145.9455626
1636.59668	84.68522188	-146.6840736
1640.991211	84.53439275	-147.2677316
1645.751953	84.36537381	-147.8738193
1650.146484	84.22428214	-148.3353493
1654.907227	84.093008	-148.7242207
1659.301758	83.97882707	-149.0350958
1664.0625	83.87847019	-149.2945359
1668.823242	83.80908383	-149.506732
1673.217773	83.76122626	-149.7002692
1677.978516	83.73341402	-149.922584
1682.739258	83.73513643	-150.1994626
1687.5	83.75051853	-150.5368392
1691.894531	83.78121177	-150.9089257
1696.655273	83.83009013	-151.4350355
1701.416016	83.88528411	-152.01533
1706.176758	83.95322029	-152.6952343
1710.9375	84.02617689	-153.4189793
1715.698242	84.10761157	-154.2187626
1720.458984	84.19860575	-155.1270134
1725.219727	84.29421323	-156.0916151
1729.980469	84.39518589	-157.1467241
1734.741211	84.49786553	-158.3340988
1739.868164	84.60850758	-159.6802143
1744.628906	84.70712182	-161.0456274
1749.389648	84.80441002	-162.462332
1754.150391	84.89712623	-163.9566069
1759.277344	84.98501318	-165.6486153
1764.038086	85.06162283	-167.2595995
1768.798828	85.12574822	-168.9058884
1773.925781	85.18803128	-170.7035956
1778.686523	85.23535969	-172.3771121
1783.813477	85.27415671	-174.1447194
1788.574219	85.30610133	-175.761818
1793.701172	85.33670373	-177.5117325
1798.828125	85.36355201	-179.0930133
1803.588867	85.3907317	179.4186257
1808.71582	85.42322079	177.8719925
1813.842773	85.45948826	176.3383554
1818.603516	85.50000057	174.8928889
1823.730469	85.54558605	173.4636969
1828.857422	85.59804327	171.9931862
1833.984375	85.66070063	170.541129
1839.111328	85.72831726	169.0899677
1844.238281	85.81040542	167.5863645
1849.365234	85.89702445	166.1671302
1854.492188	85.99490019	164.6668539
1859.619141	86.10486281	163.1088346
1864.746094	86.21993649	161.5137957
1869.873047	86.34822339	159.7895645
1875.366211	86.48317823	157.9919834
1880.493164	86.61826142	156.1930732
1885.620117	86.7586733	154.2876845
1890.74707	86.90158775	152.3138325
1896.240234	87.06011671	149.998113
1901.367188	87.19571886	147.8782524
1906.860352	87.34567416	145.3294442
1911.987305	87.46776483	143.010656
1917.480469	87.59302081	140.3549948
1922.607422	87.69796465	137.7082778
1928.100586	87.78799894	135.0177269
1933.227539	87.8633598	132.3040497
1938.720703	87.92565956	129.5823906
1944.213867	87.97917564	126.6703698
1949.707031	88.01702441	123.9453642
1954.833984	88.04380575	121.3224844
1960.327148	88.0597878	118.446315
1965.820313	88.06405174	115.7859895
1971.313477	88.05837839	112.9825446
1976.806641	88.04411861	110.4021434
1982.299805	88.02008838	107.700173
1987.792969	87.99089067	105.2359501
1993.286133	87.95574154	102.7434985
1998.779297	87.91590338	100.2628854
2004.638672	87.87599918	97.87043741
2010.131836	87.83915517	95.56091353
2015.625	87.81033416	93.46948514
2021.118164	87.78847636	91.28896541
2026.977539	87.77752897	89.1434061
2032.470703	87.77710065	87.0038596
2038.330078	87.78507683	84.78614278
2043.823242	87.80242339	82.6795616
2049.682617	87.82366557	80.40439734
2055.175781	87.84651987	78.31006999
2061.035156	87.87419359	75.90403494
2066.52832	87.90088417	73.77684742
2072.387695	87.93520998	71.33045588
2078.24707	87.97033778	69.00084322
2084.106445	88.01068974	66.48930256
2089.599609	88.05094941	64.16547136
2095.458984	88.09558711	61.62554388
2101.318359	88.14335549	59.02478988
2107.177734	88.18924472	56.3192229
2113.037109	88.2311428	53.52119571
2118.896484	88.26038572	50.60437536
2124.755859	88.27308581	47.61155977
2130.981445	88.26321977	44.36702279
2136.84082	88.23096989	41.28750732
2142.700195	88.17200268	38.32712243
2148.55957	88.08210782	35.26000172
2154.785156	87.96964547	32.33451067
2160.644531	87.84166052	29.58847075
2166.503906	87.71385672	27.10466632
2172.729492	87.5773098	24.69141225
2178.588867	87.46407824	22.53557148
2184.814453	87.35804463	20.39338349
2190.673828	87.27281909	18.39591786
2196.899414	87.19836738	16.3484035
2203.125	87.13358491	14.26701088
2208.984375	87.08412339	12.33172483
2215.209961	87.03219545	10.2397631
2221.435547	86.98860167	8.155789387
2227.661133	86.93915476	6.052450082
2233.886719	86.89282683	3.977631013
2240.112305	86.83971722	1.951399908
2246.337891	86.7923748	-0.022416561
2252.563477	86.74621272	-1.915959518
2258.789063	86.70616368	-3.750324522
2265.014648	86.67669544	-5.473311939
2271.240234	86.66402991	-7.153064738
2277.832031	86.67413602	-8.878838138
2284.057617	86.70435808	-10.53296844
2290.283203	86.75726861	-12.23951372
2296.875	86.82752791	-14.15441254
2303.100586	86.90667355	-16.09057151
2309.692383	86.98999493	-18.24760304
2315.917969	87.06747602	-20.39332823
2322.509766	87.14534135	-22.73193437
2328.735352	87.21033027	-25.00708206
2335.327148	87.27425105	-27.43499542
2341.918945	87.32867714	-29.88641367
2348.144531	87.37735553	-32.1977928
2354.736328	87.42104515	-34.62865839
2361.328125	87.46524948	-37.03640679
2367.919922	87.50794332	-39.40679591
2374.511719	87.55406715	-41.77602571
2381.103516	87.6038517	-44.18492506
2387.695313	87.654573	-46.45687251
2394.287109	87.71230443	-48.86076567
2401.245117	87.7727196	-51.27533323
2407.836914	87.83392005	-53.69170813
2414.428711	87.89338214	-55.96532848
2421.020508	87.95939008	-58.35083135
2427.978516	88.03129285	-60.7167385
2434.570313	88.1108892	-63.07506852
2441.52832	88.1989757	-65.434183
2448.120117	88.29667336	-67.80788366
2455.078125	88.40343306	-70.2124044
2461.669922	88.51843281	-72.65594698
2468.62793	88.6466181	-75.21439312
2475.585938	88.77629786	-77.82728494
2482.543945	88.91751516	-80.50464345
2489.501953	89.05778589	-83.17347845
2496.09375	89.20237125	-85.91082101
2503.051758	89.34933768	-88.726493
2510.009766	89.50482496	-91.77386798
2516.967773	89.6515235	-94.73901044
2524.291992	89.81215733	-98.09563333
2531.25	89.95836336	-101.2919058
2538.208008	90.10677262	-104.5164162
2545.166016	90.24999211	-107.8476347
2552.490234	90.40339337	-111.423812
2559.448242	90.53716519	-114.9240015
2566.40625	90.66278305	-118.4017686
2573.730469	90.79219476	-122.3353306
2580.688477	90.89839806	-125.9496733
2588.012695	91.00272691	-130.0202972
2595.336914	91.08849983	-134.027881
2602.294922	91.1565359	-137.8822491
2609.619141	91.21305564	-141.9312741
2616.943359	91.25465597	-145.9966706
2624.267578	91.28297334	-150.0424452
2631.591797	91.29717138	-154.0735705
2638.916016	91.29658609	-158.0760007
2646.240234	91.28246053	-162.0268076
2653.564453	91.25609761	-165.8954253
2660.888672	91.22162918	-169.6641349
2668.212891	91.18610399	-173.3182279
2675.537109	91.15394417	-176.867106
2683.227539	91.1313941	179.4947084
2690.551758	91.12531999	176.0672414
2698.242188	91.13417013	172.4763954
2705.566406	91.15858302	169.0008475
2713.256836	91.1952654	165.2675955
2720.581055	91.23653168	161.4931937
2728.271484	91.27518828	157.5874784
2735.595703	91.30458319	153.6655028
2743.286133	91.32083147	149.3386301
2750.976563	91.31729433	145.1356057
2758.666992	91.28905304	140.6877794
2766.357422	91.23669107	136.4626195
2774.047852	91.15912348	132.2120382
2781.738281	91.06296773	128.014159
2789.428711	90.96814939	124.1762111
2797.119141	90.87838419	120.2937606
2805.175781	90.80679742	116.4889195
2812.866211	90.7556217	112.7709524
2820.556641	90.72019248	108.8897555
2828.613281	90.69393207	104.8884522
2836.303711	90.66830424	100.747834
2844.360352	90.63472145	96.37210095
2852.050781	90.59217041	92.15779313
2860.107422	90.52241995	87.41079462
2868.164063	90.42857489	82.80656773
2875.854492	90.30852825	78.28987594
2883.911133	90.14786055	73.47936352
2891.967773	89.96523293	68.98130832
2900.024414	89.75173216	64.44012743
2908.081055	89.53354393	60.20162155
2916.137695	89.32652846	56.23210088
2924.194336	89.12881361	52.1871064
2932.250977	88.958858	48.22710206
2940.673828	88.80484113	44.05925362
2948.730469	88.65869633	39.6750687
2956.787109	88.50370246	35.13087282
2965.209961	88.31752111	30.24077204
2973.266602	88.08711626	25.1601451
2981.689453	87.79402	19.84336537
2990.112305	87.44407813	14.49528725
2998.168945	87.045532	9.404958333
3006.591797	86.56701031	4.15281073
3015.014648	86.02869268	-1.016935029
3023.4375	85.40213291	-6.098399759
3031.860352	84.66451971	-11.06945426
3040.283203	83.77197445	-15.7315957
3048.706055	82.61296511	-19.03469749
3057.128906	81.44665042	-19.33240361
3065.551758	80.54674154	-18.28227098
3073.974609	79.85078707	-16.51896345
3082.763672	79.30357806	-14.59108628
3091.186523	78.88978567	-13.00510211
3099.975586	78.57180232	-11.31405398
3108.398438	78.3420518	-9.859812352
3117.1875	78.13481421	-8.599568328
3125.610352	78.00291995	-7.455291902
3134.399414	77.89360837	-6.351939059
3143.188477	77.79408238	-5.202470868
3151.977539	77.72881036	-3.975842001
3160.766602	77.71450482	-2.56215771
3169.555664	77.75021525	-0.856153947
3178.344727	77.86183106	0.958722045
3187.133789	78.07489753	2.857858889
3195.922852	78.39038832	4.902656748
3204.711914	78.81168181	6.851677339
3213.867188	79.42188147	8.715783723
3222.65625	80.21609663	10.06183568
3231.445313	81.30644911	9.884025494
3240.600586	82.37551764	6.63068353
3249.755859	83.20588016	1.813493183
3258.544922	83.82936129	-3.40932844
3267.700195	84.29469092	-8.753520092
3276.855469	84.63882102	-14.0925821
3286.010742	84.89306108	-19.32300806
3295.166016	85.06581861	-24.1330662
3304.321289	85.18579755	-28.50004403
3313.476563	85.28323429	-32.56313458
3322.631836	85.38081977	-36.35265111
3331.787109	85.49511618	-39.78106971
3340.942383	85.63912256	-43.02618029
3350.463867	85.82882929	-46.56072481
3359.619141	86.02828969	-50.03277473
3369.140625	86.23866233	-53.86294105
3378.295898	86.42083892	-57.66888274
3387.817383	86.58530263	-61.90949005
3397.338867	86.70830902	-66.07690193
3406.494141	86.79172586	-69.99400348
3416.015625	86.84904513	-73.81080143
3425.537109	86.89351477	-77.51978116
3435.058594	86.93859095	-80.87689589
3444.580078	87.00139228	-83.97405546
3454.101563	87.09418048	-86.82200269
3463.989258	87.23908014	-89.79278871
3473.510742	87.42042538	-92.62099238
3483.032227	87.6381111	-95.56481411
3492.919922	87.88621668	-98.74611878
3502.441406	88.15004042	-102.141235
3512.329102	88.42354802	-105.8324196
3521.850586	88.67921826	-109.5870301
3531.738281	88.9252237	-113.6322514
3541.625977	89.15052603	-117.7310159
3551.513672	89.35749878	-121.8187063
3561.401367	89.55377748	-125.8414191
3571.289063	89.74998451	-129.7751178
3581.176758	89.9595661	-133.7068787
3591.064453	90.17932113	-137.4759727
3600.952148	90.42304465	-141.3740784
3611.206055	90.69087731	-145.5322246
3621.09375	90.96119599	-149.7497228
3630.981445	91.2249224	-154.0313067
3641.235352	91.49070562	-158.4902235
3651.489258	91.75478407	-163.1299801
3661.376953	92.00311264	-167.6940496
3671.630859	92.25502342	-172.6100051
3681.884766	92.48582834	-177.4863659
3692.138672	92.69686327	177.7217921
3702.392578	92.901131	172.9026149
3712.646484	93.10393322	168.1672105
3722.900391	93.32005186	163.4232328
3733.520508	93.56082798	158.611547
3743.774414	93.81480748	153.8914094
3754.02832	94.07876721	149.1137031
3764.648438	94.36156239	143.8792051
3774.902344	94.63100286	138.5505503
3785.522461	94.88693904	132.9969845
3796.142578	95.12338816	127.3922138
3806.762695	95.34529452	121.8012625
3817.016602	95.55210942	116.550406
3827.636719	95.77888758	111.0328954
3838.256836	96.02549784	105.3874198
3849.243164	96.29380478	99.50467581
3859.863281	96.56242586	93.60776857
3870.483398	96.82691431	87.46513618
3881.103516	97.07368885	81.09482548
3892.089844	97.29884801	74.44853886
3902.709961	97.49567567	67.69600945
3913.696289	97.66908559	60.75854288
3924.682617	97.82044525	53.76616979
3935.668945	97.95067171	46.7129872
3946.289063	98.05482956	39.83928248
3957.275391	98.13891468	32.68586978
3968.261719	98.2015466	25.38539455
3979.248047	98.23933063	18.30904159
3990.600586	98.25509659	10.8702599
4001.586914	98.25046151	3.666048162
4012.573242	98.2268867	-3.565647475
4023.925781	98.17799388	-11.08438254
4034.912109	98.10143195	-18.3992674
4046.264648	97.98538182	-25.97519282
4057.617188	97.82558605	-33.6355332
4068.603516	97.6303231	-40.81784132
4079.956055	97.39581601	-47.95620755
4091.308594	97.12431934	-54.96481269
4102.661133	96.83317811	-61.69825232
4114.013672	96.53600744	-68.1656791
4125.732422	96.23350674	-74.62513936
4137.084961	95.94694533	-80.75404162
4148.4375	95.65392777	-86.92611934
4160.15625	95.34341869	-93.09786907
4171.508789	95.02642445	-98.92686662
4183.227539	94.68959112	-104.7288987
4194.946289	94.35318553	-110.314229
4206.665039	94.02108447	-115.7143106
4218.383789	93.69306185	-120.9442629
4230.102539	93.3725212	-125.9291892
4241.821289	93.05417006	-130.7772142
4253.540039	92.7484963	-135.3980198
4265.258789	92.4662977	-139.7927132
4276.977539	92.21269008	-144.077456
4289.0625	91.99996207	-148.3122207
4300.78125	91.83585041	-152.4079696
4312.866211	91.70366358	-156.7110881
4324.951172	91.59563443	-161.1447813
4337.036133	91.50281074	-165.6850635
4349.121094	91.41892055	-170.3334721
4361.206055	91.33923747	-175.0619522
4373.291016	91.26065849	-179.845243
4385.375977	91.18133926	175.3568099
4397.460938	91.10657122	170.5915252
4409.545898	91.046074	165.8580965
4421.99707	91.0054181	160.952683
4434.448242	90.98294223	155.9519127
4446.533203	90.97280786	150.9925579
4458.984375	90.97241493	145.7729385
4471.435547	90.98179974	140.4233588
4483.886719	90.99841408	134.9132454
4496.337891	91.01740764	129.2134827
4508.789063	91.03243757	123.2116233
4521.240234	91.03012636	117.0586853
4533.691406	90.99743883	110.7127042
4546.508789	90.92248658	104.0660826
4558.959961	90.80754335	97.60541536
4571.777344	90.65415768	91.06003453
4584.228516	90.48892125	84.8355487
4597.045898	90.31099108	78.49825188
4609.863281	90.12534998	72.17715379
4622.680664	89.92328113	65.85066437
4635.498047	89.69966214	59.56586445
4648.31543	89.45967475	53.37498318
4661.499023	89.2042961	47.09052557
4674.316406	88.94991189	41.01360034
4687.133789	88.68519583	34.92036632
4700.317383	88.39092181	28.6102708
4713.500977	88.0596535	22.29624598
4726.318359	87.69248091	16.25589751
4739.501953	87.27052361	10.27794877
4752.685547	86.81612609	4.642091112
4765.869141	86.3458749	-0.607384808
4779.418945	85.86948243	-5.519371009
4792.602539	85.41320074	-10.03493519
4805.786133	84.97153332	-14.32342391
4819.335938	84.54131341	-18.45451973
4832.519531	84.13909979	-22.24051348
4846.069336	83.74685209	-25.89866502
4859.619141	83.37812978	-29.34664012
4872.802734	83.03800726	-32.4952206
4886.352539	82.71086786	-35.45572579
4900.268555	82.41683979	-38.1667322
4913.818359	82.19302954	-40.5621085
4927.368164	82.03674314	-42.87801989
4940.917969	81.93834712	-45.23587258
4954.833984	81.88176538	-47.7386669
4968.383789	81.86366612	-50.25615891
4982.299805	81.87630494	-52.79551552
4996.21582	81.93426447	-55.28323621
5010.131836	82.05488263	-57.77181058
5024.047852	82.24447455	-60.38618273
5037.963867	82.49313803	-63.32149413
5051.879883	82.78148795	-66.63436944
5066.162109	83.09562269	-70.4156857
5080.078125	83.40565061	-74.38109321
5094.360352	83.73365398	-78.6943666
5108.276367	84.0692252	-82.9529155
5122.558594	84.44789809	-87.54018423
5136.84082	84.85795944	-92.47850927
5151.123047	85.28442216	-97.84438559
5165.405273	85.70533463	-103.6101511
5179.6875	86.11495551	-109.9012989
5193.969727	86.48784568	-116.6971616
5208.618164	86.81264082	-123.8437012
5222.900391	87.07902463	-130.9298921
5237.548828	87.31230515	-138.2287674
5252.197266	87.51733566	-145.5243386
5266.479492	87.70176475	-152.6377407
5281.12793	87.88202941	-159.9914317
5295.776367	88.05703642	-167.5147479
5310.791016	88.2071454	-175.4610702
5325.439453	88.30469293	176.6448702
5340.087891	88.35085436	168.765365
5355.102539	88.3575918	160.8134685
5370.117188	88.33874777	152.9243038
5384.765625	88.30747311	145.5166749
5399.780273	88.26189647	137.8860581
5414.794922	88.19907134	130.3314609
5429.80957	88.12163723	122.8737884
5444.824219	88.03066592	115.433206
5460.205078	87.92580596	108.0185393
5475.219727	87.82012727	101.0496398
5490.600586	87.72242176	93.98011429
5505.615234	87.64794586	87.05624951
5520.996094	87.58865521	79.99792411
5536.376953	87.53592619	72.85258699
5551.757813	87.48192757	65.70014816
5567.138672	87.41657314	58.38042395
5582.519531	87.33603722	50.93574908
5598.266602	87.23898402	43.38875978
5613.647461	87.1267576	36.03036289
5629.394531	86.99623445	28.65216781
5644.775391	86.85733526	21.39165956
5660.522461	86.72057153	14.15124549
5676.269531	86.5938398	6.950887476
5692.016602	86.47522579	-0.278725398
5707.763672	86.35631829	-7.572323996
5723.876953	86.23121637	-15.10511451
5739.624023	86.10042838	-22.53101818
5755.737305	85.94394808	-30.29542186
5771.484375	85.76994434	-37.65007492
5787.597656	85.58621766	-45.16567738
5803.710938	85.4087435	-52.69554914
5819.824219	85.22218662	-60.44018237
5835.9375	85.00889288	-68.1417527
5852.050781	84.74286335	-75.9249268
5868.530273	84.41821467	-83.72159024
5884.643555	84.09143752	-90.90463083
5901.123047	83.77658861	-97.91435219
5917.602539	83.47404766	-104.9279456
5934.082031	83.17111403	-111.9528236
5950.561523	82.88063598	-118.751114
5967.041016	82.5912523	-125.6125983
5983.520508	82.29414878	-132.5688489
6000.366211	81.97707516	-139.5593329
6016.845703	81.6576648	-146.2112459
6033.691406	81.31554942	-153.0178413
6050.170898	80.98502727	-159.4565066
6067.016602	80.65699116	-165.8564648
6083.862305	80.32058329	-172.3235627
6101.074219	79.98360423	-178.7315956
6117.919922	79.65705567	175.0679918
6134.765625	79.31931756	168.9446138
6151.977539	78.96589686	162.9295145
6168.823242	78.6398522	157.3613818
6186.035156	78.34914589	151.8558746
6203.24707	78.11082046	146.3573917
6220.458984	77.91492421	140.6645657
6237.670898	77.72339003	134.651155
6255.249023	77.48936169	128.2184602
6272.460938	77.21347902	122.1036218
6290.039063	76.8955309	116.1003998
6307.250977	76.58380946	110.5485712
6324.829102	76.30534014	105.303748
6342.407227	76.07695852	100.1626721
6359.985352	75.90102856	94.8606585
6377.929688	75.74709527	89.29904825
6395.507813	75.57885402	83.48621576
6413.452148	75.3628372	77.65175423
6431.030273	75.12370331	72.1631815
6448.974609	74.91344431	66.85213566
6466.918945	74.71683056	61.64417039
6484.863281	74.53340747	56.5926729
6502.807617	74.42397055	51.70250695
6521.118164	74.35400297	46.18711281
6539.0625	74.24853346	40.36004922
6557.373047	74.03960629	34.37702517
6575.317383	73.75212597	29.14619958
6593.62793	73.47419667	24.78687542
6611.938477	73.29896967	21.09448234
6630.249023	73.25855542	17.59185161
6648.925781	73.34334829	13.85268324
6667.236328	73.50117144	9.616810411
6685.913086	73.68292844	4.748500399
6704.223633	73.83959637	-0.378099307
6722.900391	73.96944476	-5.713897859
6741.577148	74.07897108	-10.87190681
6760.253906	74.21819823	-15.75821796
6779.296875	74.42788973	-20.5526837
6797.973633	74.73529655	-25.45868621
6817.016602	75.11268849	-30.92095434
6835.693359	75.50651448	-36.92977576
6854.736328	75.91465787	-43.45731284
6873.779297	76.29859176	-50.82051792
6892.822266	76.58083781	-58.43622845
6912.231445	76.79910561	-65.90416419
6931.274414	77.02622162	-72.86575782
6950.683594	77.3458622	-79.90840965
6969.726563	77.72013559	-87.48906562
6989.135742	78.08006951	-96.07480434
7008.544922	78.33355722	-105.2406051
7027.954102	78.4701299	-114.5572525
7047.729492	78.49541811	-123.7834901
7067.138672	78.46307582	-132.3254616
7086.914063	78.42714835	-140.5263809
7106.689453	78.41609828	-148.5832589
7126.464844	78.4154105	-156.4488751
7146.240234	78.40598713	-164.3586555
7166.015625	78.38949637	-172.1767077
7185.791016	78.35717555	-179.8603629
7205.932617	78.31703765	172.4329737
7225.708008	78.28176728	165.2311513
7245.849609	78.24821886	158.0054119
7265.991211	78.24677746	151.2311927
7286.132813	78.29866892	144.499608
7306.274414	78.40154824	137.8411125
7326.782227	78.5501742	131.1063809
7346.923828	78.73235279	124.2169295
7367.431641	78.95109399	117.2236245
7387.939453	79.20839142	110.1116482
7408.447266	79.50161208	102.7994776
7428.955078	79.82211429	95.39325796
7449.829102	80.19930849	87.47610369
7470.336914	80.60395811	79.30077402
7491.210938	81.01464421	70.46430691
7512.084961	81.38931873	61.20690066
7532.958984	81.73024809	51.82066799
7553.833008	82.08062812	42.37993505
7574.707031	82.45464605	32.59254802
7595.947266	82.82612467	21.97604266
7616.821289	83.14505329	11.24036218
7638.061523	83.40356657	-0.203783078
7659.301758	83.57554305	-11.99858424
7680.541992	83.65862385	-23.75179564
7701.782227	83.66344137	-35.25360762
7723.388672	83.6253512	-46.93310597
7744.628906	83.55643501	-58.23918395
7766.235352	83.443359	-69.63434529
7787.841797	83.28849152	-81.14274361
7809.448242	83.0690014	-92.5154552
7831.054688	82.77384438	-103.6185006
7853.027344	82.42367096	-114.4475864
7874.633789	82.05924291	-124.5513785
7896.606445	81.69144541	-134.3853458
7918.579102	81.34106986	-143.8254511
7940.551758	81.02080048	-153.0052573
7962.524414	80.73326787	-162.0263661
7984.49707	80.46216795	-171.0258369
8006.835938	80.1813908	179.7905044
8029.174805	79.8932498	170.8718401
8051.513672	79.5849294	162.2104241
8073.852539	79.30281746	153.9896187
8096.191406	79.07792697	145.9482449
8118.530273	78.90962097	137.9895737
8141.235352	78.77894766	129.8925774
8163.94043	78.66533772	121.6044194
8186.645508	78.56196983	113.2756822
8209.350586	78.48683193	104.9489954
8232.055664	78.40425818	96.5325858
8254.760742	78.32450483	88.38221646
8277.832031	78.31441498	80.20673014
8300.90332	78.35397479	71.70476465
8323.974609	78.39507015	62.86141677
8347.045898	78.40860512	53.87684985
8370.117188	78.41557734	45.00061407
8393.554688	78.4496609	35.92499006
8416.625977	78.49825143	26.98528812
8440.063477	78.55206439	17.73779717
8463.500977	78.61912587	8.397753932
8486.938477	78.69420459	-1.125637416
8510.742188	78.7670769	-10.94480118
8534.179688	78.84169903	-20.8908055
8557.983398	78.89721419	-31.15509142
8581.787109	78.90870376	-41.51895462
8605.59082	78.89075976	-51.73421939
8629.394531	78.88487134	-61.7202162
8653.564453	78.90116773	-72.07770253
8677.368164	78.89541633	-82.46934024
8701.538086	78.86923187	-92.97202759
8725.708008	78.87946524	-103.4063153
8749.87793	78.88413995	-114.2847763
8774.414063	78.82268209	-125.3726384
8798.583984	78.75471442	-136.1086783
8823.120117	78.69704524	-147.055907
8847.65625	78.64050753	-158.1899697
8872.192383	78.55927256	-169.6046091
8896.728516	78.41662613	178.844097
8921.630859	78.2257002	167.2798426
8946.533203	78.02266194	155.6457905
8971.069336	77.77359451	144.1077511
8995.97168	77.43481634	132.6411369
9021.240234	77.07648069	121.5291349
9046.142578	76.73322768	110.7112906
9071.411133	76.36448513	99.86871957
9096.679688	75.99460212	89.18515097
9121.948242	75.60291811	78.49248284
9147.216797	75.16701406	67.97393297
9172.485352	74.6976177	57.64434421
9198.120117	74.14791773	47.6153128
9223.388672	73.6159406	38.50666325
9249.023438	73.09480017	29.66450179
9275.024414	72.60051572	21.41115144
9300.65918	72.21551687	13.53504522
9326.293945	71.85594249	5.596494169
9352.294922	71.50612507	-2.042848294
9378.295898	71.24142674	-9.399446471
9404.296875	71.0357671	-16.79680003
9430.664063	70.87184606	-24.33390146
9456.665039	70.73618581	-31.72726741
9483.032227	70.62968284	-38.94123508
9509.399414	70.62460535	-45.96519773
9535.766602	70.71568954	-53.38161561
9562.133789	70.81808946	-61.23150543
9588.867188	70.92611051	-69.29246011
9615.234375	71.04666822	-77.33005731
9641.967773	71.17671093	-85.32592788
9668.701172	71.37567751	-93.29450124
9695.800781	71.6422549	-101.5265243
9722.53418	71.96505816	-109.7796755
9749.633789	72.38277304	-118.7816129
9776.733398	72.7487246	-128.4829673
9803.833008	73.11093936	-138.0645369
9831.298828	73.53128053	-148.2823928
9858.398438	73.92005226	-158.7574208
9885.864258	74.30759121	-169.6032418
9913.330078	74.6677069	179.1603063
9940.795898	74.96249744	167.7825268
9968.261719	75.257224	156.4771432
9996.09375	75.56792294	144.9692292
10023.92578	75.88904329	133.2718929
10051.75781	76.20627794	121.1773837
10079.58984	76.46466513	108.7598051
10107.78809	76.65904032	96.28764254
10135.62012	76.83564278	84.29336213
10163.81836	77.05395189	72.29822096
10192.0166	77.31836386	60.03745763
10220.21484	77.59325142	47.42295775
10248.7793	77.82932095	34.41070238
10277.34375	78.03377561	21.24004281
10305.9082	78.21848751	7.937796589
10334.47266	78.39708065	-5.238762063
10363.03711	78.6099725	-18.57050283
10391.96777	78.7839872	-32.86056758
10420.89844	78.87021157	-47.0573419
10449.8291	78.94151011	-61.12334333
10478.75977	78.99408177	-75.2249706
10507.69043	79.02625987	-89.56847066
10536.9873	79.03072234	-104.2496073
10566.28418	78.97261918	-118.9870561
10595.58105	78.88169448	-133.6868215
10624.87793	78.74893939	-148.4947455
10654.54102	78.55233213	-163.5239255
10684.2041	78.32326119	-178.2592705
10713.86719	78.05241777	166.8777623
10743.53027	77.72048045	151.9149701
10773.55957	77.29379864	136.9921656
10803.22266	76.78612851	122.643794
10833.25195	76.22153324	108.4214545
10863.28125	75.56916448	94.7064818
10893.67676	74.83089298	81.85146644
10923.70605	74.09227882	70.39666813
10954.10156	73.48456568	60.14750017
10984.49707	73.03289221	50.05331683
11015.25879	72.69786162	39.76587483
11045.6543	72.40260514	29.43988347
11076.41602	72.14995258	19.30702102
11107.17773	72.02394023	9.134338458
11137.93945	71.98970502	-1.43784204
11169.06738	71.98006518	-12.87514237
11199.8291	71.96144114	-24.50143767
11230.95703	71.91977892	-36.85316315
11262.08496	71.8041836	-49.55913821
11293.5791	71.56530763	-62.46225823
11325.07324	71.22172686	-74.82495633
11356.20117	70.82002161	-86.43841215
11388.06152	70.29429757	-97.41882061
11419.55566	69.80751416	-105.3767669
11451.41602	69.74600622	-112.6321735
11482.91016	69.94119108	-120.0360672
11514.77051	70.41612894	-128.3651194
11546.99707	71.04178547	-138.4169845
11578.85742	71.69530507	-149.9101802
11611.08398	72.25859231	-162.745994
11643.31055	72.72641686	-176.0401023
11675.90332	73.15735451	170.5583152
11708.12988	73.58575738	156.7621729
11740.72266	73.94369675	142.5342439
11773.31543	74.22895863	128.15546
11805.9082	74.46419739	114.1367157
11838.86719	74.71304046	100.4403354
11871.82617	75.02782394	86.79811564
11904.78516	75.37740543	73.07703262
11937.74414	75.77512494	59.64398323
11970.70313	76.28584267	46.14675644
12004.02832	76.96314668	32.14862298
12037.35352	77.78878894	17.07014443
12070.67871	78.77034754	0.251822737
12104.37012	79.64337005	-20.00256548
12138.06152	80.13270727	-40.94500834
12171.75293	80.39746879	-62.25649621
12205.44434	80.4431947	-83.02578212
12239.50195	80.41711662	-103.361827
12273.55957	80.34949545	-123.677893
12307.61719	80.1921493	-144.1836074
12341.6748	79.88541247	-164.7639727
12376.09863	79.45964672	175.3785932
12410.15625	79.02115379	156.1283785
12444.94629	78.52453119	136.4449146
12479.37012	77.94176812	117.4064265
12514.16016	77.31877155	98.86421303
12548.58398	76.65589137	80.58370723
12583.74023	75.92937497	62.76258147
12618.53027	75.23558233	45.80485873
12653.68652	74.61436706	29.05533951
12688.84277	74.00127476	11.79782864
12723.99902	73.3255579	-5.18271847
12759.15527	72.65488319	-21.93161415
12794.67773	71.94232169	-38.80015058
12830.2002	71.19314596	-55.50530701
12866.08887	70.38782428	-72.036345
12901.61133	69.55968578	-87.99222258
12937.5	68.62723717	-103.9549528
12973.38867	67.62940379	-118.6515399
13009.27734	66.584895	-132.3858171
13045.53223	65.6618518	-143.842225
13081.78711	65.10092511	-154.9254668
13118.04199	64.71562429	-166.8927375
13154.66309	64.35973863	-179.510603
13191.28418	64.05299739	167.7245054
13227.90527	63.78471867	154.6759217
13264.52637	63.56949921	141.7862584
13301.14746	63.4895931	128.36368
13338.13477	63.4111753	113.6214741
13375.12207	63.25203445	98.03574336
13412.47559	62.89719677	81.52727486
13449.8291	62.1969357	65.5528022
13487.18262	61.38120353	52.03885754
13524.53613	60.58856032	40.13692048
13561.88965	59.86700196	31.45818438
13599.60938	59.73633177	23.7547495
13637.3291	59.93059352	15.21581556
13675.41504	60.34157052	5.817118654
13713.50098	61.0302855	-4.493185718
13751.58691	61.83348141	-16.73112299
13789.67285	62.72385715	-30.45494383
13827.75879	63.50438376	-46.18872923
13866.21094	64.12188359	-62.37612056
13904.66309	64.70211363	-78.69595074
13943.48145	65.26775143	-95.30766112
13982.2998	65.83499088	-112.1367013
14021.11816	66.42613382	-129.6125539
14059.93652	66.89716784	-147.894865
14099.12109	67.24910632	-166.066576
14138.30566	67.55258197	176.1453199
14177.49023	67.84917638	159.0402157
14216.6748	68.27501264	142.4036056
14256.22559	68.90305253	124.8219586
14295.77637	69.38601756	106.4191768
14335.69336	70.0526092	88.49380587
14375.24414	70.82896277	67.55653637
14415.16113	71.17403099	45.86764506
14455.44434	71.36804205	24.47024597
14495.36133	71.44555439	3.946222957
14535.64453	71.51005546	-15.88644964
14575.92773	71.61820049	-35.45531042
14616.57715	71.74334471	-55.34453365
14657.22656	71.82342944	-75.18785931
14697.87598	71.88244674	-94.7329051
14738.52539	71.90841486	-114.0933273
14779.54102	71.96290131	-133.505045
14820.55664	71.99282863	-152.7386024
14861.93848	72.03449262	-171.9823734
14902.9541	72.02975359	168.9905587
14944.33594	71.94314796	150.5204479
14986.08398	71.98792969	133.1238367
15027.46582	72.18140443	115.8056742
15069.21387	72.45040285	98.41410163
15111.32813	72.96126302	81.27336761
15153.07617	73.69348888	61.99410729
15195.19043	74.23601219	40.7718286
15237.30469	74.64781062	19.61731601
15279.78516	75.03412	-1.886160261
15322.26563	75.35033738	-23.69200991
15364.74609	75.65879943	-45.61627675
15407.22656	75.88349263	-68.23530419
15450.07324	75.96752248	-90.95917601
15492.91992	76.01155587	-113.4286947
15536.13281	75.99892982	-136.2719931
15579.3457	75.83419078	-158.8215436
15622.55859	75.66523461	178.9689969
15665.77148	75.33600828	156.915875
15709.35059	74.90309408	136.084823
15752.92969	74.53534121	116.6057371
15796.875	74.32638414	97.70679357
15840.82031	74.29839478	78.40045306
15884.76563	74.21055779	58.55434814
15928.71094	74.13404789	39.26930447
15973.02246	74.14922464	19.95669528
16017.33398	74.21029676	0.230288422
16062.01172	74.28559167	-19.69101114
16106.32324	74.37646322	-39.86300521
16151.00098	74.4453801	-60.12519319
16196.04492	74.52476532	-80.69909402
16241.08887	74.63268392	-101.3242197
16286.13281	74.71203697	-122.235846
16331.17676	74.75934726	-142.9915361
16376.58691	74.8266708	-163.6805453
16421.99707	74.92816027	175.6360435
16467.77344	75.09332826	154.8653333
16513.5498	75.33482329	133.5463929
16559.32617	75.53458828	111.9031051
16605.46875	75.86524463	90.09565446
16651.61133	76.22404052	66.7677474
16697.75391	76.50988295	42.54787651
16744.2627	76.66919643	17.25383171
16790.40527	76.68765838	-8.104315454
16837.28027	76.62699405	-34.18199347
16883.78906	76.41960298	-60.76931506
16931.03027	76.00899367	-87.84870262
16977.90527	75.4131391	-114.4607499
17025.14648	74.66647289	-141.1827933
17072.3877	73.75191485	-168.4261326
17119.62891	72.58787731	160.3996083
17167.23633	71.47023121	123.6319558
17214.84375	70.22036522	87.01057162
17262.81738	69.14532903	51.54897471
17310.79102	68.16206683	16.35607982
17358.76465	67.33240025	-18.15606868
17407.10449	66.51900164	-53.33204789
17455.44434	65.70772272	-87.04356226
17503.78418	65.04722081	-120.3343107
17552.49023	64.49519914	-153.5644784
17601.19629	63.99739715	173.1752348
17649.90234	63.54341816	140.7272055
17698.97461	63.2460687	108.5035072
17748.04688	63.07236251	76.19490979
17797.48535	62.97304055	43.89864467
17846.92383	63.00799129	11.41219187
17896.3623	63.08440075	-20.67225755
17946.16699	63.3803411	-52.61535024
17995.97168	63.82541096	-85.1978003
18045.77637	64.30680297	-117.6787082
18095.94727	64.97802714	-149.1523564
18146.48438	65.90693553	-175.9857861
18196.65527	66.72909164	161.7597508
18247.19238	67.61774178	138.852281
18297.72949	68.27430596	115.2982358
18348.63281	68.91744005	91.63135717
18399.53613	69.37526175	66.98058106
18450.80566	69.79362112	43.13522555
18502.0752	70.19973143	18.06844891
18553.34473	70.45940582	-7.107820032
18604.98047	70.63439279	-32.58848876
18656.61621	70.68492632	-57.8050114
18708.25195	70.72301002	-83.00868777
18760.25391	70.63405944	-108.6580671
18812.25586	70.4275479	-133.6369649
18864.62402	70.20199902	-158.3018039
18916.99219	69.97310553	177.2109693
18969.72656	69.70842123	152.3919036
19022.09473	69.3075673	127.7620192
19075.19531	68.80083798	103.8803985
19127.92969	68.38326602	80.39039767
19181.03027	67.80832574	56.56693249
19234.49707	67.08334484	33.75379547
19287.96387	66.33655048	13.0435544
19341.43066	65.83784166	-7.20023859
19395.26367	65.34156306	-27.63135133
19449.09668	64.84956986	-47.62142005
19502.92969	64.42800124	-67.05848321
19557.12891	64.05987663	-86.80975202
19611.32813	63.67665766	-106.1867079
19665.89355	63.31225503	-125.6746047
19720.45898	62.95698738	-144.5667409
19775.39063	62.71746159	-163.6799734
19830.32227	62.44139735	176.9987044
19885.25391	62.20372489	158.0683496
19940.55176	62.03697745	138.6362354
19995.84961	61.84349852	118.8078341
20051.51367	61.62198962	99.3437856
20107.17773	61.46326419	79.80440067
20162.8418	61.36806121	60.45683984
20218.87207	61.35425223	40.4475268
20274.90234	61.30197533	20.49547385
20331.29883	61.40485463	0.36799498
20387.69531	61.5836522	-20.34866483
20444.45801	61.78838834	-42.90800213
20501.2207	61.81956771	-65.32022538
20557.9834	61.87388401	-87.9187603
20615.1123	61.88347142	-110.8732801
20672.60742	61.87538545	-133.9807193
20729.73633	61.85912008	-157.0737089
20787.59766	61.83934536	179.6231567
20845.09277	61.81992142	156.2620194
20902.9541	61.80377087	132.780079
20961.18164	61.79301406	109.1125064
21019.40918	61.78897528	85.43177179
21077.63672	61.79173943	61.75338092
21136.23047	61.80047474	37.94240079
21194.82422	61.81334355	14.16664844
21253.78418	61.82817058	-9.793641579
21312.74414	61.84219291	-33.56527003
21372.07031	61.85332569	-57.59841564
21431.39648	61.86058098	-80.98435006
21490.72266	61.8647081	-103.2126679
21550.41504	61.86614369	-124.4371671
21610.47363	61.86579993	-144.606181
21670.53223	61.86474313	-163.6041976
21730.59082	61.86411755	178.4980925
21791.01563	61.86505376	161.7428651
21851.44043	61.86830566	146.2018534
21912.23145	61.87439621	131.672629650839
